
Data Transfer Time between nodes
[0, 18, 12, 9, 11, 14, 0, 0, 0, 0]
[0, 0, 0, 0, 0, 0, 0, 19, 16, 0]
[0, 0, 0, 0, 0, 0, 23, 0, 0, 0]
[0, 0, 0, 0, 0, 0, 0, 27, 23, 0]
[0, 0, 0, 0, 0, 0, 0, 0, 13, 0]
[0, 0, 0, 0, 0, 0, 0, 15, 0, 0]
[0, 0, 0, 0, 0, 0, 0, 0, 0, 17]
[0, 0, 0, 0, 0, 0, 0, 0, 0, 11]
[0, 0, 0, 0, 0, 0, 0, 0, 0, 13]
[0, 0, 0, 0, 0, 0, 0, 0, 0, 0]

Average Estimated Computation Time : 
 [13.0, 16.666666666666668, 14.333333333333334, 12.666666666666666, 11.666666666666666, 12.666666666666666, 11.0, 10.0, 16.666666666666668, 14.666666666666666]

Adjacency List Representation of the Graph
1  : 2  -> 3  -> 4  -> 5  -> 6  -> 
2  : 8  -> 9  -> 
3  : 7  -> 
4  : 8  -> 9  -> 
5  : 9  -> 
6  : 8  -> 
7  : 10  -> 
8  : 10  -> 
9  : 10  -> 
10  : 

CPL :  109

ADAP :  [0.9999999999999893, 31.99999999999999, 28.999999999999993, 28.999999999999993, 39.99999999999999, 45.666666666666664, 66.33333333333333, 73.33333333333333, 64.66666666666666, 94.33333333333333]

Order   EST  EFT  EST  EFT  EST  EFT  VMID   AFT  CSID
    1    0   14    0   16    0    9   3     9   2
    6   23   36   23   39    9   18   3    18   2
    5   20   32   20   33   18   28   3    28   2
    2   27   40   27   46   28   46   1    40   1
    3   40   51   21   34   28   47   2    34   1
    4   40   53   34   42   28   45   2    42   1
    8   42   47   42   53   69   83   1    47   1
    7   47   54   42   57   57   68   1    54   1
    9   54   72   42   54   65   85   2    54   1
   10   54   75   54   61   71   87   2    61   1

Schedule Length :  41

Mkspan :  [25, 40, 28]

MKS :  61

Total Cost Utilization :  126.91499999999999

Total Energy Utilization :  71.1

Standard Deviation of Active time :  6.48074069840786

Average VM Utilization :  0.5081967213114754

Speed up :  2.081967213114754

Schedule Length Ratio :  1.4878048780487805
